HonoursStageProject/Resources/TestInput.asc
ncols 68
nrows 68
xllcorner 68
yllcorner 68
cellsize 17
nodata_value 479084522
[rows 25 to 49 of 68, columns 0 to 55 of 68]
-0.04651472 -0.5335218 -0.35570985 -0.17630485 0.21508014 -0.04259193 0.51132846 0.41754574 -0.45132506 -0.075485215 -0.022025904 0.16606605 -0.06308821 0.050039038 0.26697716 -0.2609993 -0.2475281 0.20396742 -0.035412014 0.22786242 0.35292011 0.2612907 0.5922048 0.15278894 0.01893111 0.2936846 0.287301 -0.044367447 -0.3268216 0.32085502 -0.3598615 0.34837967 -0.22441624 -0.43379086 0.31713742 0.5866065 0.48787817 0.6497754 0.4455819 -0.36600024 0.061797842 -0.22039658 0.036150783 -0.32550988 0.4385068 0.25501004 0.25012407 0.3944618 -0.2569865 -0.06622693 -0.24684373 -0.00783506 0.3511591 0.53613317 0.46911007 0.22989005
-0.10931407 -0.27345675 -0.51467985 0.10172921 -0.10864077 0.46146426 0.37047026 0.09316042 0.11699132 0.096523516 0.28853726 -0.05738727 0.24841933 0.024239153 0.13766398 -0.38523602 -0.06582467 -0.09937292 0.55446625 0.016340792 0.43169793 0.11818277 0.199067 -0.15469164 -0.12365372 0.16837066 0.025769487 -0.43182904 0.0044748895 0.35462248 -0.09679857 -0.20881736 0.34652823 -0.49049604 -0.026585251 0.57447994 0.13260314 0.54756856 0.31352 0.07190612 0.12706351 0.23123947 -0.19185747 -0.174359 -0.24171583 -0.24480334 -0.16949695 0.22060442 0.36647296 -0.2755032 -0.4659482 0.31379867 0.08966272 0.52394176 0.23953226 0.060762525
0.041437913 0.27530032 0.38167527 -0.23600537 -0.36662132 0.25564307 -0.15174954 0.26854387 0.18432562 0.22051014 0.22865671 0.17401251 -0.03513881 0.3508576 -0.3044995 -0.16255638 0.15169445 0.33836073 0.483183 -0.08040136 -0.3318661 -0.021460176 0.37344968 -0.40079224 -0.4040003 0.11399284 -0.35944992 0.07714777 -0.5533597 -0.13968676 -0.34381604 -0.28853977 -0.52215624 -0.7889465 0.428527 0.31509367 0.46214154 0.53258145 0.5370554 0.30928722 0.60700256 0.6295278 0.22512384 0.12016731 -0.1069354 -0.3417972 -0.29402232 -0.11500979 0.5053543 0.20958738 0.22360633 -0.35552424 -0.6724869 -0.39272982 -0.27961498 -0.62454224
-0.15190765 -0.19073509 0.08598545 -0.02491121 -0.6334039 -0.3244301 0.25216934 0.60167277 -0.045983404 -0.23935321 0.27200955 0.526329 0.2801028 0.032846585 0.15205538 0.3098761 -0.14279266 0.2620123 0.027743347 0.032170817 0.074991345 -0.4856847 0.15856141 -0.6612277 -0.8279916 -0.42298537 0.13562691 -0.42610267 -0.41334993 -0.52177846 0.08636092 0.082163215 -0.53929937 -0.09939012 0.49376816 0.029697955 0.44986045 0.30875152 -0.039888203 0.54124534 0.48574555 0.43627703 -0.12412217 0.12120348 -0.03147486 -0.49067906 -0.70368 -0.39887938 0.19445175 0.339024 0.03597275 -0.031707972 -0.9082935 -0.8099804 -0.28227064 -0.5717641
-0.16959481 -0.3150171 -0.17502889 0.12999392 -0.20615262 0.097345985 0.356531 0.45720267 0.3015107 -0.122202635 0.09861687 -0.069613695 0.1314316 0.43953556 -0.18386757 -0.32419366 0.3328041 0.42332122 -0.075435795 -0.17133525 0.30041835 -0.33289024 -0.23639086 -0.5626261 -0.47596484 -0.5753524 0.0288575 -0.38166714 0.25297767 -0.13186112 -0.24378908 -0.37934488 -0.6307025 -0.2222744 0.37152225 0.10718472 0.12606016 -0.0006879568 0.38356572 0.63136363 0.6738789 0.56533 0.068185925 0.47263336 -0.3111463 -0.3125031 0.06005414 -0.3920842 -0.13726383 0.16240148 0.115439266 -0.6855043 -0.584641 -0.96992135 -1.0796144 -0.5681547
0.23028632 0.32173282 -0.45531273 -0.215516 0.36627328 0.5286223 0.7431563 0.1594123 0.29163373 0.3205766 -0.0351609 0.19412413 0.5321938 0.105624095 -0.60545886 -0.4628762 0.0050569624 0.43235356 0.009238452 0.3480547 0.15963852 -0.09560942 -0.38976583 -0.29005092 -1.1144311 -0.43708876 -0.5842162 -0.3617195 -0.03201291 -0.27075464 0.36715877 0.56504416 -0.049968325 0.0053798705 0.17180943 0.5360005 0.3855043 0.7655353 0.96706957 0.2554366 0.25803375 0.46258697 0.33007878 0.056928784 0.15598613 0.3171196 0.18134923 0.18857032 0.21997637 -0.09605018 -0.27054882 -0.50736403 -0.77506363 -1.0834602 -0.8997451 -0.66172355
0.403856 0.7089295 -0.12608612 0.060796723 0.2380197 0.80400676 0.14977643 0.23307629 -0.034369916 0.30526537 0.7501602 0.8062338 0.24225844 -0.22012472 -0.23338683 -0.06415101 0.15517575 0.60256004 0.009239851 -0.3370408 -0.046890482 0.08360568 -0.26779595 -0.6030978 -0.7970355 -0.8223882 -0.9081656 -0.00239788 -0.008473873 0.14614984 0.2185896 0.34964687 -0.2141366 -0.3913316 0.5454805 0.74182177 0.6881787 0.9546295 0.9155947 0.1102536 0.6155033 0.079285696 0.1388036 -0.050930098 -0.1313791 -0.29832685 0.05300352 0.037436523 0.0779032 -0.045937195 -0.12284896 -0.33068064 -1.0205668 -0.8492551 -0.41309753 -0.22042546
0.41436407 0.44934702 0.57839763 0.5513853 0.61288553 0.6120729 0.7560761 0.4316424 0.41624373 0.06434724 0.64308524 0.36461896 0.55183196 -0.058138296 0.26584473 -0.3062824 0.034675717 0.052836955 -0.23234227 0.21323532 -0.22242323 0.2000274 -0.376894 -0.6529219 -0.5920736 -0.956934 -0.565016 -0.05199045 -0.49969035 0.045277864 0.08337072 0.36377546 0.12436632 -0.18249926 0.21632102 0.5875037 0.74872744 0.69132894 0.47200865 0.27675667 0.16362396 -0.11528115 -0.033338517 -0.06027449 -0.3636565 -0.2115351 -0.22215816 0.3176582 0.044594616 0.24541503 0.24663742 0.15497169 -0.7865239 -0.18710603 -0.08494726 -0.49539316
0 0.25072634 0.21981706 0.27960995 0.1587074 0.110816896 0.0033890978 -0.09922004 -0.23647648 -0.2949565 -0.27987167 -0.11310291 -0.504635 -0.81685865 -0.38363603 -0.44402716 0 0 -0.090632856 0.53959715 0.68032384 0.3152058 0.7559625 0.62102246 0.037219957 -0.309349 -0.37527168 -0.48994684 -0.27958494 -0.63730574 -0.6840756 -0.64995784 0.11978561 0 0 -0.0052490756 0.19500324 -0.5718374 -0.2359945 -0.020375311 -0.59125483 -0.6700058 -0.41990942 -0.501082 -0.037216067 0.21354161 -0.3699844 -0.3731429 -0.017103687 -0.18069656 0 0 -0.11277328 -0.30439422 -0.13391429 -0.22293931
0 0.8164946 0.5293373 0.31070894 0.07239415 0.4749429 0.4573928 0.5646443 0.10559434 0.22474933 0.31240153 0.65964615 0.08637434 -0.47040832 -0.53467274 -0.10991219 0 0 -0.48516542 0.20426948 -0.65317273 -0.49435478 -0.5746076 0.18708982 -0.09412633 -0.22027023 -0.75858307 -0.5445926 0.1461075 -0.07167006 -0.19665152 -0.26792935 -0.09388491 0 0 0.24534509 0.20421883 -0.20191035 0.4808129 0.0067126006 0.16803601 0.44118893 0.5132849 -0.347866 -0.36047512 0.40125847 0.07189539 0.6659183 0.45379126 -0.12774026 0 0 -0.5452347 0.097839326 -0.60599995 -0.19261909
0.28487027 0.6623601 0.34805703 -0.084748566 -0.047359448 0.055262405 0.24405801 0.217453 0.32298645 -0.05560884 0.72689426 0.6308138 0.40234917 -0.25066978 -0.37123477 -0.39408952 -0.10987774 -0.20761521 -0.31497988 -0.7256128 -0.4374999 -0.7339644 0.12199843 0.37959987 0.48848206 -0.017271457 -0.43156818 -0.41158035 -0.47206134 -0.44774985 -0.44114378 -0.17713812 0.28808314 0.3262332 0.43968773 -0.21344443 -0.16394049 -0.06605263 0.041038748 0.1400452 0.10397804 0.84421957 0.6370391 -0.2355571 -0.5093167 0.38440505 0.33852634 0.5334394 0.69820154 0.029548034 0.12650332 0.42886376 -0.30049843 0.24416038 -0.39111993 -0.25359654
-0.28700453 -0.09066117 0.42707765 -0.24859151 0.032437608 -0.373474 -0.32881582 -0.43624926 -0.26837164 0.25610244 0.48254254 0.72157645 0.27727905 0.054731518 -0.5075131 -0.16918144 -0.0658444 0.16730858 0.24956506 -0.6315931 -0.97924 -0.6780069 -0.50175744 -0.08100857 -0.1836109 0.19455828 -0.376833 -0.033692665 0.22371265 -0.1869994 0.027262405 0.24470422 0.3680272 -0.007976383 0.1915113 -0.500714 -0.06900175 0.24781044 -0.14518653 0.2868296 0.43330327 0.23742352 0.46708855 0.50837684 0.03473507 0.052649826 0.17924304 0.68476903 0.54081154 0.026091218 0.42113125 -0.34793776 -0.19550313 -0.06576535 -0.58882374 -0.026710436
-0.057858124 0.6462369 0.6548141 0.09209731 -0.4123023 -0.3358329 -0.34505492 0.32918608 -0.22037365 -0.27729112 -0.31389123 0.014064446 0.47940487 0.27025124 0.24489996 0.04971859 -0.4240527 0.5847106 0.26112545 -0.0076651275 -0.92095 -0.7514673 -0.20232818 -0.3754832 -0.08136479 0.023771647 -0.20605017 -0.18130451 0.057978343 -0.23969531 0.11080876 0.71673286 0.4560072 -0.004294127 -0.19376312 -0.6292102 -0.4643351 0.18919581 -0.41304964 -0.0830992 -0.39137352 0.13484389 -0.17525029 -0.13652213 -0.3927126 0.0069557726 -0.11231741 0.08541346 -0.015493959 0.38051242 0.08866356 -0.6464814 -0.4410792 -0.16981137 -0.69832385 -0.84701943
0.25451404 0.86376476 0.80245405 0.09174344 0.45164937 0.19263257 0.24923241 0.6458099 0.0357185 0.058154613 -0.2564837 -0.34036008 -0.18249497 0.08966303 0.122250676 0.22641799 -0.33609557 0.26769832 0.04968679 -0.6620919 -0.54593 -0.62579376 -0.053546295 -0.15180987 -0.22196048 0.13082322 -0.020216782 0.06155562 0.36609071 0.3422488 0.2999928 0.27303773 0.3513722 0.48360616 -0.44879493 -0.20898078 -0.42192215 -0.17045186 -0.3792827 -0.5340183 -0.1421507 -0.11831876 -0.28794655 0.18620408 0.39825162 0.55682755 0.2874157 0.2643612 -0.19704545 -0.18934898 -0.1970608 -0.36283964 -0.30884773 -0.80362177 -0.45341066 -0.46629697
0.15626228 0.54560214 0.67131025 0.13349733 0.6658006 0.72808254 0.25903815 0.60484576 0.11599049 0.47644275 -0.05567178 0.18746038 -0.2704152 -0.45994747 -0.6606858 -0.33154613 0.1665596 0.41642457 0.4032124 0.009516001 0.07396105 0.16683921 -0.21037807 0.32713845 -0.0019661598 0.12055418 0.13781756 -0.10176571 0.4493657 0.6701926 0.030187294 0.23701486 0.24533707 0.27129704 -0.42987484 -0.13962823 -0.25190592 -0.47422057 -0.058638155 -0.0041821897 0.19312152 -0.39086646 -0.14976344 0.30951968 -0.1883946 0.12849131 -0.18023416 0.45996875 -0.2641878 -0.3737151 0.016118307 -0.8035068 -0.57399267 -0.2952473 -0.31455636 -0.09472382
-0.3627023 0.19232452 0.2680784 0.17516449 0.7598609 0.06251922 0.23235244 0.3922601 0.6408535 0.29687086 -0.07892394 -0.18064561 -0.023042727 0.24336731 -0.39616698 0.19513255 0.07009195 0.38023713 0.62381077 0.18105511 0.25606805 -0.30690724 -0.050036654 0.12151086 -0.3290789 -0.034838878 -0.4508369 -0.36716893 -0.22010936 0.25970632 0.045082167 -0.18441932 -0.1520157 0.6052973 -0.062288612 -0.28599185 -0.77830184 -0.7119179 -0.5818973 -0.46998215 -0.6348384 -0.45716542 -0.26238638 -0.48520833 0.02161052 0.3866139 0.1747508 -0.4239842 -0.24826315 -0.38001412 -0.35153872 -0.5371358 -0.92065465 -0.49559027 -1.0812147 -0.81403303
-0.5501176 0.16887915 -0.36120543 0.018952817 0.5568228 0.40633726 0.9754111 0.80724466 0.9595928 0.7510468 -0.2877549 -0.28593987 -0.29957542 -0.11486711 0.049203835 -0.0722854 -0.31598073 0.103890434 0.47176757 0.30757722 0.39664304 0.23478585 0.42656326 -0.1354223 0.22311503 0.073806144 -0.29891303 -0.498416 -0.5077098 0.005115062 -0.6059792 0.05531785 -0.13804956 0.99296093 -0.3047588 -0.13616467 -0.8967341 -0.55653435 -0.9285675 -0.32937786 0.016363978 -0.6995038 -0.08420454 -0.08830943 0.43871683 0.55723304 -0.4655245 -0.44702417 0.1227783 -0.441279 0.33016363 -0.23618245 -0.77677464 -0.9807456 -0.71513295 -0.0806416
-0.2475281 -0.05185982 -0.1640692 0.23035744 0.37867218 0.9319559 0.7123196 0.5847668 0.44871682 0.40838763 0.35464776 0.48255768 0.3262853 0.67141604 0.40352264 0.3957854 -0.42367598 -0.43379086 0.24753767 0.0332634 -0.15086308 0.086900294 -0.22385925 -0.017006988 0.5224891 -0.10245321 0.15615474 0.1337122 -0.65298855 -0.3100145 -0.0053857863 -0.4844171 -0.6246153 0.39267755 -0.24684373 -0.7185224 -0.47389165 -0.743312 -0.4075287 -0.37395328 -0.064248756 -0.5154352 0.15642984 0.42829603 0.34788156 0.633031 -0.27828366 -0.48468256 0.0022726953 -0.34047526 0.0250877 -0.6323522 -0.71869576 -0.30699366 -0.21136202 -0.4143232
-0.06582467 -0.28440315 0.010051213 -0.0024501681 0.36308157 0.86180675 0.08362827 -0.03481707 -0.10850242 0.21910986 0.03153242 0.033895284 0.090440944 0.12294948 0.728801 0.18676083 0.27023757 -0.49049604 -0.6412594 -0.08073403 0.11010885 -0.044480897 -0.26492837 0.15438798 0.03774369 0.56417775 0.032804355 0.26368162 -0.09234165 -0.79452926 -0.29387897 -0.45559537 -0.40538853 0.19372293 -0.4659482 -0.51400554 -0.6342056 -0.16149712 0.017158777 -0.7213334 -0.4914447 -0.00911672 0.027346231 -0.3698014 0.30060825 -0.06698457 0.13035694 0.010602668 -0.18839753 0.01285569 0.07718565 -0.21540442 -0.8538613 -0.13612404 -0.2047539 -0.37317815
0.15169445 -0.12313741 0.2188094 0.5980002 0.4279275 0.81727695 0.5876742 0.59966743 0.0414868 -0.1452969 0.31053773 0.1346548 0.12257235 0.03629656 0.5456859 0.11768874 -0.21152264 -0.7889465 -1.0514364 -0.4939558 0.039360136 -0.48568037 -0.23893698 -0.06574983 0.6290492 0.49546525 0.6331191 0.1500687 -0.54830354 -0.5475066 -0.30519783 -0.51403254 -0.779106 0.6296519 0.22360633 -0.5895571 -0.30803657 0.11831498 -0.40631709 -0.28990102 -0.26839417 0.42013502 -0.06835699 0.061239675 -0.16430736 0.25975358 -0.07326231 -0.30416593 -0.12170159 -0.3439923 -0.110767186 -0.6042034 -0.5927808 -0.9329964 -0.6855273 -0.3118152
-0.14279266 0.1663231 0.15380418 0.05994159 0.63536924 0.8351295 0.39966246 0.025330782 0.1697969 0.18951887 0.3177101 -0.18316188 0.2581382 -0.29284957 0.068021595 -0.14177449 0.11106278 -0.09939012 -0.60517055 -0.32802716 0.189675 0.18982509 -0.094997056 0.66465163 0.6711379 -0.057117283 0.22821194 0.11185064 -0.04475356 -0.05990529 -0.8879911 -0.57063454 -0.05148995 0.027957663 0.03597275 -0.60495365 -0.1551853 -0.11475976 -0.420327 0.11724791 0.17355923 0.44815546 0.542325 0.3920625 0.43371767 0.5107994 0.45289946 -0.08190249 0.2481933 0.37000784 -0.3662681 -0.89578205 -0.9101929 -1.2408969 -1.0939023 -0.7728347
0.3328041 0.32547134 0.43597487 -0.12601507 0.16738762 0.5100751 0.15962052 0.1283993 0.21030557 0.24722153 0.08874358 0.22215849 -0.23423323 -0.18164504 -0.2500071 0.054609306 0.13778275 -0.2222744 -0.09266153 -0.28994992 -0.5731363 0.069224656 0.7288984 0.50080854 0.13918692 0.1594454 -0.10027811 0.37431544 0.41541737 -0.414464 -0.09960812 -0.15182249 0.05201435 0.011995912 0.115439266 -0.16266295 -0.46014357 0.15641968 0.17721696 0.4398753 0.29366994 0.19225925 0.15231153 0.30797064 0.3680484 0.784474 0.13126758 0.027491279 0.4378934 0.36383247 0.18515003 -0.114199966 -0.008567005 -0.45912433 -0.37340695 -0.71991396
0.0050569624 0.330437 0.12060729 0.6191357 0.592506 -0.02379492 0.3885207 0.10256304 0.63165045 0.42018843 0.67380816 0.22652464 0.23558974 -0.5121276 -0.0065190494 -0.37068376 -0.70947766 0.0053798705 -0.110721104 -0.39772156 -0.3638334 0.04770735 0.4495303 0.19073297 -0.25539318 0.1969404 0.39858237 0.5696727 0.09586725 -0.4317183 -0.66860276 0.009396881 -0.26092702 -0.14840387 -0.27054882 -0.37621674 -0.8188578 -0.55625826 -0.292513 -0.2763418 0.50536835 0.46847808 0.39291418 -0.04241266 0.4574303 0.4540423 0.38123012 -0.0126134455 0.3958977 0.53185093 0.32137835 -0.14145829 -0.42831433 -0.7116847 -0.8753201 -0.95722055
0.15517575 0.48211056 0.2861097 0.53731626 0.253729 0.37436706 0.18994778 0.40171632 0.10205101 0.103865154 0.19981214 0.066277176 0.41045797 -0.09463167 0.0015151501 -0.46462485 -0.44168085 -0.3913316 -0.12519197 0.3677386 -0.49255592 -0.03255432 -0.45052353 -0.022862576 0.15343648 -0.42456627 0.06413269 -0.34341422 0.31679642 -0.03535472 -0.7371447 -0.18597485 0.18583669 -0.24472505 -0.12284896 -0.38317394 -0.2420866 -0.121748686 -0.013007715 0.23861918 0.37754363 0.59513545 0.09422114 -0.3859864 -0.21727362 -0.31930253 -0.2530352 -0.02113834 0.41456372 0.060137674 -0.10760349 -0.0072298646 -0.19373439 -0.55397797 -0.5059174 -0.38573915
0.034675717 0.6494439 0.27207452 -0.016892046 0.09606859 0.5892223 -0.23200226 -0.29043344 -0.37267685 0.14182907 0.22974198 0.30804616 -0.02295518 0.0031747073 0.20639487 0.2905872 -0.5652931 -0.18249926 -0.44840884 -0.5122456 -0.40218297 -0.7069011 -0.5767493 -0.44870004 -0.35445392 -0.595212 -0.46487892 -0.89607906 -0.25677025 -0.42118433 -0.06685687 -0.3975477 0.36272916 -0.046992466 0.24663742 -0.22014385 -0.2162321 -0.49432996 0.10160031 -0.08198118 -0.09733805 0.34721804 0.5514896 -0.17573926 0.025684819 0.18608287 0.16684893 0.59648675 0.31252676 -0.24706142 0.20873241 -0.21163967 -0.4401391 -0.55614656 -0.30845594 0.1137096
