HonoursStageProject/Resources/TestInput.txt
ncols 34
nrows 34
xllcorner 34
yllcorner 34
cellsize 17
nodata_value sd: 2 mscale: 1 msize: 2
0 -0.051818207 0.08390057 0.48277214 0.32081503 -0.23821747 -0.23569325 -0.07365382 0.35712945 0.06918284 0.3855963 0.42401716 0.6146095 -0.25774372 -0.1822875 0.21387877 0 0 -0.71598756 -0.30201632 -0.36501136 -0.19930078 -0.006158106 0.07337865 -0.4806688 0.07698344 -0.44930068 0.1503505 -0.24193677 -0.5582752 -0.57663 0.006780833 0.06693697 0 
0.19744143 0.6486104 0.14985088 0.11925462 0.29798895 -0.13276494 -0.47547877 0.43864965 0.5460415 0.13949117 -0.0041339695 0.30683032 0.7461801 0.6704454 0.47313833 -0.34213936 0 0.2370917 -0.24422799 -0.1693297 -0.2232503 -0.29748723 -0.38836285 -0.13337901 -0.042942293 -0.2028139 -0.11961192 -0.3276096 0.087192126 -0.3335883 -0.06187196 -0.26355875 -0.58022153 0 
0.70967233 0.9513123 0.77515864 0.60076886 0.7277585 0.47174573 -0.12561157 -0.10676509 -0.014255315 0.746151 0.8887152 1.0940503 0.9019455 0.30799377 0.16519451 0.64955807 0 0.17412454 -0.5514502 0.18206544 0.5112549 0.0725881 -0.61327237 -0.48661757 -0.061451554 0.29493195 0.41050917 0.029960036 0.14732735 -0.014309615 -0.17577216 -0.6073444 -0.16605815 0 
1.01657 1.0706646 0.41390017 0.20125553 -0.08061361 0.30747736 0.48709178 0.31363785 0.32410342 0.2764314 0.2286997 0.3984622 0.5814501 0.2197259 0.5405764 0.29093254 0 -0.12271634 -0.4705491 -0.38228792 0.386337 -0.49715024 -0.6602949 -0.18936154 -0.48205706 -0.18220231 0.55279803 0.24864148 -0.08729535 -0.37445593 -0.25220594 -0.2998834 -0.3699477 0 
0.5676003 0.6215295 0.64000434 0.010866642 0.4066409 0.28531748 0.14369002 -0.053160906 0.3883997 -0.108712316 0.2253584 1.0186974 0.6829693 0.5714621 0.7841558 0.3855139 0 -0.3368531 -0.46584278 -0.47215927 -0.07698779 0.045819163 0.085781485 -0.53156114 -0.76849306 -0.19432396 0.10221257 0.16340214 0.13382182 -0.58661497 -0.78792256 -0.2972034 -0.16814268 0 
0.5730839 0.0047132075 -0.04455573 -0.1074965 0.14833744 0.41045278 -0.1295159 0.004235983 -0.1994117 0.461739 0.17055264 0.9288651 1.3387218 0.9962248 0.5980342 0.7306825 0 -0.26727447 -0.9090322 -0.67149115 0.08427924 -0.24011326 -0.2430881 -0.05025786 -0.21305849 -0.0026637614 0.17601575 0.13042158 0.043560028 -1.0188919 -0.9025382 -0.9015064 -0.1174272 0 
0.4537175 0.47316858 -0.062284887 0.52142215 0.17478591 0.43480814 0.37017637 -0.032237813 0.12127912 0.08037764 0.01874289 1.165076 0.8863294 0.35168657 0.60298175 0.3242373 0 -0.37075138 -0.85949093 -0.48134646 -0.27969116 -0.11467117 -0.33492577 0.18419981 -0.010943584 -0.12596434 -0.5223712 -0.5659027 -0.7601154 -0.728075 -0.42257604 -0.5495538 -0.35137182 0 
0.35648528 -0.08906302 -0.16057405 0.3877221 -0.046245746 -0.1264532 0.68209743 0.5036645 0.5959407 0.695664 0.31845292 1.0503509 0.48999444 0.8795849 0.1577856 0.49719214 0 0.0058122575 -0.3771208 0.072799444 -0.013645053 -0.3000082 -0.43843907 0.18012246 -0.35282037 -0.5286443 -0.5039067 -0.63749933 -0.109766364 -0.10959392 0.10954669 -0.25797254 -0.071365505 0 
0.5618509 0.4918941 0.19173738 0.41331115 -0.18271512 -0.16301818 0.14682616 0.3943246 0.32826594 0.6883088 0.77935606 0.66776943 0.66259915 0.8420541 0.003592819 0.45028728 0 -0.43823195 -0.7702476 -0.49266678 0.0047653317 -0.51014036 0.191708 0.03696102 -0.013569325 -0.49226758 -0.85680294 -0.5111013 -0.55777764 0.059662133 -0.12210336 0.21649176 -0.18849018 0 
0.10755503 0.45326933 0.20698895 -0.1980953 -0.06636055 -0.44009978 0.08632801 0.23845318 0.53718996 0.56012696 0.39565966 0.6252746 0.9615278 0.4543219 0.19303286 -0.023495428 0 0.15520124 -0.24047907 -0.29346156 -0.18569559 0.087622255 -0.3073552 -0.32078445 -0.5777608 -0.77280927 -0.72935605 -0.19450253 -0.53578824 -0.3024721 0.64842224 0.8431685 0.38859403 0 
0.4617195 0.2435827 0.4396053 0.39918023 0.13057089 0.2698341 0.052751828 0.5528439 0.85063267 0.7016049 0.8965983 0.42340118 0.5560428 0.119179904 -0.042192668 0.23538803 0 0.17051488 -0.6989788 -0.81574184 -0.05412647 -0.4522325 -0.09060565 -0.22664711 -0.121608734 -0.59840703 -0.8412707 -0.63193136 -0.15803817 0.24533506 0.23768927 0.31141728 0.116874345 0 
-0.045050353 0.5117179 0.18069828 0.46831864 0.26687002 -0.38746843 0.2715495 0.43030003 0.5467725 0.28350073 0.53516304 0.36468425 0.36157376 -0.16966388 -0.14242387 0.11840119 0 0.0675344 -0.6572629 -0.56556857 -0.6690886 -0.62734485 -0.07898526 -0.30030492 -0.7768431 -0.7092219 -0.46879408 -0.6449888 -0.68850124 -0.26812184 0.34868777 -0.17777717 -0.40852863 0 
-0.13347694 0.11173454 0.44251776 0.028008193 -0.07909021 -0.40709895 -0.2930155 -0.0432671 0.34519935 0.70285964 0.8272725 0.30562624 0.2614367 0.123316884 -0.28216422 0.01570425 0 -0.10204235 0.028648496 -0.1488212 -0.8010689 -0.37538284 -0.30680805 -0.17372584 -0.11196408 -0.11821601 -0.18489453 -0.38701224 -0.5306772 -0.06648788 0.14249378 -0.48697156 0.057747513 0 
-0.042036384 0.7604519 -0.04673773 0.21911068 0.28955793 -0.57242113 0.25400132 0.572344 0.26378608 0.25833005 0.21384627 0.2687015 0.2405726 -0.20461065 -0.16806132 0.32796246 0 -0.5793895 0.1606831 -0.56617683 -0.01519987 0.059140235 -0.7341064 -0.3725831 -0.5045383 -0.6844797 -0.48436135 -0.45752758 0.2528023 -0.680828 -0.6765301 -0.16424227 -0.6058717 0 
0.5520731 0.2761361 0.2427068 0.36740404 -0.30418468 0.11665289 0.22645152 0.86543167 0.52815175 0.047813803 -0.19316372 -0.16679707 -0.20433137 0.0140701085 0.20560604 0.31276178 0 -0.6994823 -0.0583739 -0.3831138 -0.2350629 -0.3622119 -0.2214405 -0.4474979 -0.51545954 -0.14461318 -0.007987671 0.19980913 0.046286747 -0.63015264 -0.97054076 -0.53814757 -0.7109091 0 
0.26566976 0.16759324 0.5369153 0.13021094 0.0090254545 0.3906088 0.016691834 0.15621154 0.56291544 0.5918212 -0.37788206 -0.38026989 -0.41451344 -0.17261344 0.40640324 0.5666286 0 -0.48978925 -0.5950789 -0.38718578 -0.24883988 -0.6579198 0.11451945 0.025465518 -0.41931784 0.3179895 -0.040667515 0.13940713 -0.17434578 -0.89362824 -0.2369176 -0.5282678 -0.4889102 0 
0 0 0 0 0 0 0 0 0 0 0 0 0 0 0 0 0 0 -0.2853308 -0.100087285 -0.24335182 -0.06314506 -0.09994139 -0.2641082 -0.077974506 -0.24613379 0.016763624 -0.06288065 -0.123769596 -0.14402986 -0.212571 -0.4259418 -0.26558772 0 
0 0.3771445 0.32997954 0.5443702 0.18330091 0.26431233 0.47187847 0.40932614 -0.13351324 -0.18185803 0.2257851 0.5501457 -0.43419936 -0.53379416 0.06227219 -0.07111914 0 0 -0.045252748 0.02907686 0.6075194 0.2735542 -0.007849317 0.08565535 -0.43400988 -0.09135554 -0.18556929 -0.032805145 -0.08560149 -0.31810308 0.061018825 -0.06275937 -0.25719133 0 
0.19928032 0.06419492 0.1465536 0.4110539 -0.3435569 -0.02687025 0.010793876 -0.45762795 -0.6778089 -0.24991225 -0.15244116 0.5020347 0.4638605 0.22519323 0.041419968 -0.1898981 0.034004487 -0.04130532 -0.07592538 0.13298869 0.23513694 0.016833857 -0.11192713 -0.32751 -0.09116559 0.1109128 -0.30828577 -0.025039792 -0.3061216 -0.5320108 -0.31260127 -0.16985774 -0.040646426 -0.08280802 
0.26172113 -0.061633762 -0.12599708 0.47156185 -0.44542092 0.18788496 0.20869833 -0.09859273 -0.4855445 0.30703887 0.071955234 -0.1409736 0.19630116 0.09818371 -0.41510475 0.07788436 -0.08253393 -0.21466027 0.020913351 0.51878303 0.6273416 0.19741184 -0.55588645 -0.44748965 -0.32017264 -0.7250136 -0.1696339 -0.30712536 -0.75010103 -0.4707719 -0.44076437 0.24009944 0.50611854 0.046597827 
-0.22352482 0.075351626 0.23752466 0.1546771 0.10448843 0.21097615 -0.18179299 -0.19233687 -0.3344086 -0.015164018 -0.27641454 0.13764197 0.1739735 0.18753996 0.35849902 0.15324588 0.17532118 -0.43913227 -0.3829256 -0.4170821 -0.09099519 -0.2855646 -0.04533668 -0.3529057 -0.642701 -0.92503405 -0.92445314 -0.20132384 -0.14335868 -0.21403036 -0.6046983 -0.15376979 0.14158982 -0.2571218 
0.2109661 0.11701384 -0.3729537 -0.17000449 -0.34140405 0.25323117 0.16618338 -0.35608143 -0.61150414 -0.104308754 -0.08235569 -0.047631547 -0.085441545 0.38459647 0.046450853 -0.15666538 -0.08909558 -0.57249117 -0.100816384 0.16791885 -0.15940072 0.017981842 -0.42287195 0.10825397 0.050612092 -0.055007935 -0.4808211 -0.6865203 -0.607029 -0.4473379 -0.3746435 0.093203805 0.32912576 -0.08253172 
-0.43439472 -0.6679388 0.116767764 -0.19518322 -0.6355858 0.14691615 0.5417467 0.19167784 -0.7690451 -0.39270177 0.1973226 0.15761513 -0.2674697 0.023587555 0.54589367 0.2716943 0.02918455 -0.6775437 0.34300804 0.810614 0.47012037 0.2649121 0.04832852 0.05851814 -0.30534014 -0.5827536 -0.6890995 -0.44616622 -0.90530807 -0.5764004 -0.3337517 -0.15984432 -0.4375093 -0.22195224 
0.30201662 0.029362082 -0.27018863 -0.31411576 -0.6252728 -0.66821516 -0.33708408 0.33852673 -0.3429864 -0.6136294 -0.43004492 -0.44286776 -0.6496588 -0.5310578 -0.11856944 0.078263 -0.026832165 -0.22081654 0.78920645 0.33956224 0.34776777 -0.533113 0.018227786 -0.51541644 -0.24151483 -0.6648687 -0.25983703 -0.32933515 -0.18565643 -0.19856241 0.3491516 0.09441328 -0.05561348 -0.009821624 
0.038514853 0.3970033 0.55136186 0.059074968 -0.3587911 -0.5670134 -0.16741443 0.17602733 -0.59392965 -0.41115785 0.031063706 -0.44150785 -1.0033382 -0.6605227 -0.15635614 -0.6319989 0.034371078 -0.5037408 0.13265206 0.089787066 -0.39664453 -0.43698615 -0.043414205 -0.32316774 -0.31208333 -0.371176 -0.090042084 -0.49198887 -0.78802073 -0.84671235 -0.16283092 -0.681008 -0.1314449 -0.030095054 
0.0704633 0.60837865 0.02546053 -0.0035740733 0.15868673 -0.05681623 0.14572641 0.26272172 -0.3265206 -0.19844453 -0.27173606 -0.25113392 -0.44256654 0.14037436 -0.104836814 0.25145346 -0.1632603 0.099229164 0.31337482 0.22027962 0.42479175 -0.26530087 0.16660798 -0.28346652 -0.07089394 -0.22791849 -0.086190715 -0.5419781 -0.5518996 -0.5624714 -0.27178875 -0.6288137 -0.773169 -0.113959245 
0.05764065 0.4699788 0.29007676 0.70063686 0.87202877 0.11266008 0.72873384 0.51513743 -0.2891965 0.20551682 0.03802202 -0.19318338 -0.13804902 -0.029303253 0.006660804 -0.13373846 0.13693921 -0.528998 0.110129006 -0.284459 0.18239936 -0.40225255 -0.3761065 0.19095892 -0.3222077 -0.49372327 -0.15971829 -0.24832855 -0.4974392 -0.4214271 -0.79771924 -0.94393754 -0.5082456 -0.09090886 
0.14105318 0.4121909 0.552847 0.68346417 0.6198993 0.49414495 0.20792587 -0.07874495 0.39350846 -0.32646334 0.21197876 -2.026558E-06 -0.49564877 -0.17648451 -0.23047967 -0.06185416 0.015018877 -0.06474804 -0.035910055 -0.16378726 0.18860981 -0.39449996 -0.3811206 0.0811207 -0.3986654 -0.4356915 -0.6904184 -0.28084648 0.055779785 -0.25912303 -0.1776099 -0.26779374 -0.12115855 -0.14667341 
-0.13385645 0.7541518 -0.00258106 -0.018240511 -0.117643535 0.7262049 0.6709225 0.37663996 -0.27883083 -0.18952829 -0.08448616 -0.1165349 -0.47245026 -0.28999716 0.054802865 -0.3522788 0.05254277 -0.0755041 -0.567129 0.0007901415 0.29591396 -0.513348 -0.49829137 -0.51476645 -0.053776495 -0.60591435 -0.025053367 0.1915448 -0.7178683 -0.44541803 -0.1665324 0.30992013 0.21222368 -0.16849881 
-0.33275515 0.8928027 0.5734353 0.21547748 0.13186921 0.07139975 0.68252623 0.5157995 0.16140267 -0.011441588 0.3025767 0.28042373 0.14852606 -0.036284972 0.13446064 -0.39797708 0.08771464 -0.25434184 0.128243 0.121718064 0.29014635 -0.10422198 0.28887343 0.04338388 -0.2095034 -0.17301676 0.03876528 -0.14235309 -0.23544559 -0.49859232 -0.13607448 -0.13797799 -0.3182269 -0.12589628 
0.16662984 0.08604416 0.06879705 0.5927485 0.608475 0.39283606 0.7629069 -0.19486007 -0.12518927 0.06568004 -0.07983367 -0.15637551 0.19248588 -0.08842129 0.14868252 0.035803445 0.05296717 -0.64714885 -0.041846685 0.23254763 -0.10451108 -0.2133035 -0.16878545 -0.009980302 -0.07947264 -0.31581858 -0.69539404 -0.8612435 -0.3002268 -0.9734427 -1.0105677 -0.10397494 -0.52061737 -0.32330054 
0.42277622 -3.1858683E-05 0.29581362 0.54524004 0.17565948 -0.2616704 0.46013567 -0.039491087 -0.22887307 -0.093635574 0.12133747 0.67799735 0.21901526 0.040603325 -0.23956183 -0.27642834 -0.06912584 -0.4763963 0.35359177 0.23853146 -0.04918495 0.54767513 0.37221035 -0.055900935 -0.022798553 -0.5494939 -1.0142589 -0.6398425 -0.20044297 -0.7765808 -0.24781936 -0.70960486 -0.07045296 -0.1813538 
0.3836787 -0.116539925 0.5505031 0.10238002 -0.011263456 -0.25299686 0.17927068 0.15542802 0.09157703 0.29850143 0.07321879 0.5389176 0.4042688 -0.5464512 0.010928124 -0.30466884 0.0003918633 -0.21385261 -0.2239756 -0.101338714 0.057858914 0.19620763 -0.156325 -0.5375609 -0.38212234 -0.44469973 -0.29043078 -0.13529007 -0.27426457 -0.9230335 -0.45953235 -0.3016531 0.10256496 -0.14945173 
0 0 0 0 0 0 0 0 0 0 0 0 0 0 0 0 0 0 -0.06770603 0.2577172 0.14890674 -0.04439892 0.022739355 -0.08029799 -0.11974704 -0.113959245 -0.18071932 -0.33910662 -0.2328236 -0.25932145 -0.28824902 -0.19690213 -0.00021020882 0 