HonoursStageProject/Resources/TestInput.asc
ncols 68
nrows 68
xllcorner 68
yllcorner 68
cellsize 17
nodata_value 479084522
[rows 0 to 24 of 68, columns 0 to 55 of 68]
-1 -0.9257636 -0.8135218 -0.99295235 -1.0246052 -1.2704605 -1.0723972 -0.7132447 -1.0576808 -0.75731754 -1.209367 -1.1035594 -0.5070115 -0.39858475 -0.35017887 0.02567783 1 -1 -0.6819508 -1.0343827 -1.1788275 -0.9709878 -0.13168111 -0.38384572 -0.62541074 -0.9065477 -0.43560275 -0.6325705 -0.019455433 -0.21616146 -0.33063024 -0.7548331 -0.179019 0 0 -0.368733 0.35749066 0.1213616 0.14185703 -0.058035538 0.27034205 0.270379 -0.2702084 -0.07869762 -0.2996417 -0.8266818 -0.49847305 -0.32739773 0.10312846 0.08915131 0 0 -0.15724382 0.31035805 0.24051166 -0.09155221
-0.10734224 -0.6758933 -0.7911683 -0.97029686 -1.1130316 -1.0618407 -1.0547069 -1.0421396 -0.99916077 -1.2800994 -0.9478647 -0.62553453 -0.50441206 -0.6126801 -0.6024718 -0.14026806 0.9159112 -1.1359621 -1.3115131 -0.73529553 -0.7063123 -0.93388736 -0.5343094 -0.9139365 -0.7972965 -0.83342755 -0.16870183 -0.44726694 -0.28958622 0.02560684 -0.35635638 -0.8230891 -0.1368232 0.22345719 -0.2636605 0.37792325 0.5043417 0.63784766 0.017453313 0.00508596 -0.49573982 -0.41762537 -0.35164535 -0.13253455 0.103801385 -0.5227591 -0.7451324 -0.7556813 0.13741165 -0.04665307 -0.10423038 0.5579761 0.28113252 0.29437336 0.37717247 -0.6203821
-0.43599293 -0.45635602 -0.90114444 -0.5192492 -1.3293853 -0.8161937 -1.0461103 -0.95718896 -0.7862135 -0.74568236 -0.9036516 -0.4809336 -0.4550352 -0.72164536 -0.036664814 -0.6946316 0.2866331 -0.6662471 -1.3659104 -1.1266462 -0.6477692 -0.9834921 -1.0092573 -0.5013517 -0.17092994 -0.4188671 0.3775515 0.05554697 -0.51439214 -0.71054256 -0.17385814 -0.5606315 -0.3903693 0.27250868 0.24963728 0.19837967 0.16791621 0.6662972 0.5618636 0.4807464 -0.06138466 -0.18195492 -0.4992007 0.120402545 -0.017112374 -0.32855672 -0.82426333 -0.827989 -0.47064275 0.17899856 -0.2765126 0.4444542 0.7291875 0.40127042 0.078963265 -0.38595557
-0.80152154 -0.4435714 -1.0130458 -0.5286402 -0.821452 -1.4521112 -0.91211885 -0.9662282 -1.3073134 -0.6791811 -0.39035004 -0.6352169 -0.92089903 -0.74888813 -0.886958 -0.55824196 -0.0006136 -0.29787058 -1.120654 -0.9981015 -0.3522098 -0.7082337 -0.80368495 -0.36745337 -0.5180359 0.16589108 0.3098449 -0.46419936 -0.7245332 -0.6687525 -0.8886318 -0.72487193 -0.381747 0.55473006 0.20676163 0.10811567 0.7662264 0.6090025 0.20644252 0.22927256 -0.29943302 -0.6331291 -0.35930157 -0.092843145 -0.4445694 -0.87349033 -0.6548816 -0.3356257 -0.3340629 -0.2870123 0.21102323 -0.06329015 0.5823945 0.031309754 0.23967594 -0.5866781
-0.7260206 -0.60027236 -0.60325474 -0.48156565 -0.8568705 -1.2924056 -1.1547102 -1.1270808 -1.2531955 -0.7651238 -0.43322483 -0.7638118 -0.70795685 -0.89954364 -0.6649922 -1.1070276 0.4185979 -0.85414016 -0.61183286 -0.35623983 -0.09195793 -0.32541263 -0.17898762 -0.7877653 -0.59372145 0.082870066 -0.14999443 -0.4732641 -0.3058192 -0.3567821 -0.79430073 -0.41592142 -0.099449426 -0.22427133 0.36554444 0.058417365 0.21019897 0.5598992 0.091744326 -0.10005318 -0.50799376 -0.09361091 -0.39322972 -0.68325174 -0.60979414 -0.41856506 -0.36959267 -0.042215377 -0.66484255 0.35283956 -0.09620269 0.2207241 0.65278435 0.26038474 -0.092583485 -0.2050479
-0.098276764 -0.4342596 -0.65342647 -0.6675244 -0.44128734 -0.91156536 -0.5142822 -0.960724 -0.8263052 -1.1071948 -0.80406415 -0.02663076 -0.9240874 -0.77638876 -0.47161078 -0.6413034 0.09885016 -1.020118 -0.52222097 -0.4534699 -0.8794633 -0.3504879 -0.5505977 -0.75278306 -0.48856384 -0.024375364 0.27143952 0.0130914375 0.2947937 -0.4437379 0.10231453 -0.17186683 -0.4996039 0.2810412 0.35266238 -0.27589718 -0.47988588 -0.37437835 0.11550224 -0.6843034 -0.7104663 -0.8167644 0.18383801 0.043540716 -0.66333055 -0.65320796 -0.012707502 -0.41173765 -0.40820932 0.026275903 -0.29705688 -0.2307817 -0.040357277 -0.042704396 -0.5812104 -0.63259614
-0.44093475 -0.14711264 -0.15385887 -0.62760586 -0.56945384 -0.29522428 -0.66376907 -0.75599277 -1.2266313 -1.4129047 -0.49049225 -0.015725046 -0.46890903 -1.0006415 -0.51386577 -0.2266461 0.71852696 -0.7994061 -0.8388201 -0.5166745 -0.288685 -0.36510813 -0.6154467 -0.7314522 -0.385915 -0.5552037 0.17171411 0.2891305 0.027325213 0.14064619 0.24040225 -0.4384784 -0.87713486 0.24015549 0.03127318 -0.47665587 0.054531362 -0.788803 -0.46752107 -0.95718515 -0.5511584 -0.3683843 -0.058711663 -0.29437625 -0.57028717 -0.24391086 -0.25155538 -0.72115076 -0.43925154 -0.36714655 -0.10589434 0.09852832 0.2520803 -0.01444485 0.102198154 -0.8965398
-0.5610577 0.1893492 -0.50159353 -0.23517054 -0.53602624 -1.0056114 -0.66544574 -1.0592344 -0.9933784 -1.2630811 -0.38921538 -0.23002112 -0.15760967 -0.6715288 -0.91407573 -0.43211693 0.70818555 -0.83999896 -0.7550278 -0.9049815 -0.85572267 -0.5794004 -0.55244875 -0.4078633 0.044947177 -0.23178977 0.23699939 0.67070514 0.16131765 -0.36874533 -0.18673767 0.15302493 -0.6415447 -0.27263528 -0.41510066 -0.042169034 -0.08006934 -0.52453315 -0.73681724 -0.6699516 -0.16379352 0.20357566 0.26238748 -0.50290376 -0.7719272 -0.37692776 0.2011168 -0.13113824 -0.24755564 -0.38345614 0.5102675 0.28145576 0.11529631 0.010146327 -0.0045920014 -0.34450334
-0.37596267 -0.35286027 -0.22020124 -0.27016485 -0.23300326 -0.967401 -0.59028864 -0.21735692 -0.593965 -1.089756 -1.0678761 -1.0908029 -0.6903917 -0.61038774 -0.7717024 -0.47211865 -0.04651472 -0.12092054 -0.629671 -0.62601966 -1.0973485 -0.6434804 -0.32566816 -0.05094129 -0.22227916 -0.069058016 -0.075922295 0.40484697 0.49629393 0.3662368 0.6308481 0.2837335 0.102440774 0.20396742 0.24414624 0.024584442 0.48760754 0.10441677 -0.29465544 -0.33422112 -0.47684515 0.14916474 0.33249742 -0.16678923 -0.12045596 -0.34125766 -0.43219742 -0.15347719 -0.5858649 0.042535514 0.31713742 0.046593904 -0.2971362 -0.07865131 0.20985544 -0.6027533
-0.19547871 -0.33730888 0.2365295 0.13466913 -0.22292316 -0.23834339 -0.4407015 -0.065402776 -0.06636262 -0.45566037 -0.9702451 -0.7310011 -0.851027 -0.6255315 -0.9240385 -0.19208845 -0.10931407 -0.03914802 -0.24890852 -0.63926864 -0.37627903 -0.058486953 -0.21093601 -0.34268707 -0.22627392 0.03830199 -0.37121105 0.30495328 0.71430945 1.0317665 0.7530039 0.38676488 0.16358472 -0.09937292 0.4686272 0.7160096 0.7611903 0.44796082 0.2894194 -0.29034764 0.1837782 0.32747263 0.71331656 0.70751965 0.57523656 -0.0794234 -0.08154541 -0.86488426 -0.6974828 -0.16278455 -0.026585251 -0.39746642 -0.043592434 0.19949326 0.08577117 -0.3702268
-0.22897375 -0.8142941 -0.09326595 -0.6644908 -0.7175393 -0.75696635 -0.28999552 0.06791955 -0.6058614 -0.2995344 -0.9594899 -0.6631773 -0.5073003 -0.81030196 -0.22328651 -0.17753685 0.041437913 -0.14611314 -0.55565405 -0.33806112 0.1532395 0.039815694 -0.08175318 -0.1542611 0.3064273 -0.07316515 0.23975877 0.19838443 0.8269491 0.7015009 0.79029155 0.18569762 -0.1314316 0.33836073 0.0015158001 -0.08453873 0.17642763 0.54258823 -0.3253471 -0.06454519 0.41753358 0.46702462 0.45884573 0.31083596 0.43740314 -0.46123055 -0.2598244 -0.7909774 -0.4307327 0.090102956 0.428527 0.30116427 -0.3239961 -0.2417258 0.22244819 -0.15465873
-0.55167615 -0.73851943 -0.3078757 -0.15291893 -0.7004888 -0.501418 -0.32029754 -0.10704279 -0.08387905 -0.2974977 -0.5264052 -0.4320312 -0.3191994 0.08973616 -0.6480712 -0.71866274 -0.15190765 -0.5480902 -0.40880114 0.13822255 0.21983989 -0.36692616 0.09539342 -0.49315792 -0.06611438 0.35449785 -0.03276085 0.18513688 -0.12526536 0.4070807 0.6180105 -0.14526802 0.08859375 0.2620123 0.42822152 0.43348348 0.07319154 0.39414293 0.51787335 0.4901157 0.68239415 0.63973945 0.4285526 0.36880663 0.054199487 0.022998393 -0.36343062 -0.11948317 0.051942855 0.0030405372 0.49376816 0.6956557 0.45721912 -0.26411802 0.14791004 0.33427444
-0.82244927 -0.71882516 -0.3307969 -0.16851482 -0.44117922 -0.42183927 -0.38152748 -0.25374812 -0.17376211 -0.88214046 -1.059533 -0.96846986 -0.42025143 -0.18133509 -0.094874114 -0.49915078 -0.16959481 0.07233009 0.11125323 0.19889614 0.38178375 -0.20245913 -0.4875325 0.076737165 0.057092845 -0.3473186 0.14446186 -0.02318667 0.006893009 0.09561786 -0.22011065 -0.47774738 -0.017704159 0.42332122 -0.07910302 -0.42314047 0.11421676 -0.09744547 0.025711715 0.08588761 0.56715447 0.26553342 0.42438594 0.48204225 0.61385834 -0.047952533 0.0062862784 -0.3976948 -0.025640503 0.07445748 0.37152225 0.40162075 0.5346926 0.4374156 0.40220392 -0.26187795
-0.5061852 -0.79831505 -0.4016041 -0.25651783 -0.77245617 -0.6641897 -0.7244035 -0.12213835 -0.5599209 -0.6414123 -0.5923393 -0.80613637 0.09980011 0.011500448 0.22787839 -0.25579193 0.23028632 -0.5860437 0.16542466 0.30946198 0.18735506 0.37353957 -0.23485553 -0.23490015 0.085218966 -0.23213682 -0.53401875 -0.2970111 -0.55146044 -0.21057004 -0.18581201 -0.26198882 -0.6535773 0.43235356 -0.68994874 -0.63087463 -0.4290459 -0.27083254 0.08336033 0.23495768 0.3254034 -0.2283761 0.25803643 -0.220393 -0.047408395 -0.26025838 -0.2017596 -0.39247456 -0.5109264 -0.28213128 0.17180943 0.12052731 -0.11573525 0.047872696 -0.27518994 -0.0033542365
-0.9461652 -0.4547406 -0.30689323 -0.49703622 -0.26190656 -0.4605825 -0.7033142 -0.41444537 -0.29299966 -0.39802057 -0.8691778 -1.1899786 -0.05210963 -0.31238505 -0.23170844 -0.092728734 0.403856 -0.083424985 -0.14179558 -0.32673782 0.19268653 -0.24672921 -0.49412012 -0.27899805 -0.14739811 -0.3989096 -0.51333326 -0.15157874 -0.6424335 -0.1782031 -0.78690886 -0.41423887 -0.45341086 0.60256004 -0.5241993 -0.4015094 -0.41478533 0.13083369 -0.3302954 0.20471421 0.033776 0.32560968 -0.19973882 0.06924121 0.08537897 -0.25704166 -0.43023327 -0.60957056 -0.47735995 -0.6255559 0.5454805 -0.11266462 -0.3106481 0.18225414 0.3433638 0.13636239
-0.9555228 -1.0309796 -0.88803077 -0.9455067 -0.95590097 -0.72914803 -0.5262338 -0.53763586 -0.27675214 -0.56367064 -1.3615818 -1.1229217 -0.30926418 -0.589762 0.061255008 -0.2928187 0.41436407 -0.45348638 0.13605243 -0.7584263 -0.78126043 -0.68586737 0.044928253 -0.08715394 -0.3444172 -0.586873 -0.6563767 -0.04887685 0.013476074 -0.080012366 -0.72672087 -0.1247828 -0.07572779 0.052836955 -0.26039895 -0.43031645 0.18553057 -0.21580914 0.20684582 0.37562177 0.63007104 0.09885396 -0.15881827 -0.4212836 -0.56130916 -0.3948329 -0.62620103 -0.41693392 -0.091656946 0.122647494 0.21632102 0.28749743 0.12202019 0.07527286 0.028501 0.0048353225
-1 -0.6819508 -1.0343827 -1.1788275 -0.9709878 -0.13168111 -0.38384572 -0.62541074 -0.9065477 -0.43560275 -0.6325705 -0.019455433 -0.21616146 -0.33063024 -0.7548331 -0.179019 0 0 -0.368733 0.35749066 0.1213616 0.14185703 -0.058035538 0.27034205 0.270379 -0.2702084 -0.07869762 -0.2996417 -0.8266818 -0.49847305 -0.32739773 0.10312846 0.08915131 0 0 -0.15724382 0.31035805 0.24051166 -0.09155221 -0.110186815 -0.9867691 -0.43050915 -0.7069673 -0.8279098 -0.37034464 -0.6196273 -0.7055315 -0.16136813 -0.16514254 0.3193969 0 0 0.17837769 0.1229931 0.15611982 -0.2934733
1 1.1348246 1.0397222 0.5355667 0.95527923 0.6784974 0.31102723 0.10982117 0.6006464 0.54108137 0.51298356 0.38451844 0.23948129 -0.12028361 -0.09153807 -0.03847286 0 0 0.25072634 0.21981706 0.27960995 0.1587074 0.110816896 0.0033890978 -0.09922004 -0.23647648 -0.2949565 -0.27987167 -0.11310291 -0.504635 -0.81685865 -0.38363603 -0.44402716 0 0 -0.090632856 0.53959715 0.68032384 0.3152058 0.7559625 0.62102246 0.037219957 -0.309349 -0.37527168 -0.48994684 -0.27958494 -0.63730574 -0.6840756 -0.64995784 0.11978561 0 0 -0.0052490756 0.19500324 -0.5718374 -0.2359945
0.9159112 0.687715 1.4160221 1.0159558 0.77551043 0.5924344 0.18455823 0.28497773 1.0033613 0.7470389 0.5450402 0.7220982 0.5291828 0.29999906 0.45757738 0.64171165 0.28487027 0.22345719 0.11154048 0.39756352 0.014354318 -0.37207267 0.04752472 -0.40123424 -0.41099393 0.10850331 -0.4243951 -0.55329 0.035316795 -0.64877677 -0.5094943 -0.079529665 0.013004106 -0.20761521 -0.10423038 0.23330578 0.08264038 0.60288006 0.55590963 0.8063427 0.5694739 0.3651514 0.42172998 -0.22038485 -0.31826943 -0.39316696 -0.5064529 -0.97372663 -0.9697147 -0.38610825 0.43968773 -0.103647605 0.14042753 0.023446381 -0.4097187 -0.046560198
0.2866331 0.6856138 1.1647955 1.4744236 1.1905454 0.44067246 0.20098948 0.19481403 0.41967082 0.25578457 -0.028245986 0.06093526 0.2143915 0.15068099 0.13467893 0.7790843 -0.28700453 0.27250868 0.0025468767 0.35558283 0.2746533 0.0061038584 0.58546233 0.27139354 -0.39233762 -0.3543213 0.008001149 0.012194723 0.29014266 -0.5429744 -0.19289297 0.12292882 -0.099308796 0.16730858 -0.2765126 -0.31403816 -0.024390385 0.35897017 0.5154439 0.076509535 0.06940516 0.5407828 0.32102177 0.25960606 -0.19271898 -0.49473494 -0.34149104 -0.5308126 -0.6769656 -0.14041871 0.1915113 -0.43190888 -0.049191296 -0.13232729 -0.26529032 -0.5030504
-0.0006136 0.50382406 1.1240606 0.9962802 0.83796746 0.03678438 0.5888475 0.4417112 0.433146 0.3428997 0.33771834 -0.026399432 0.5860152 0.63478327 0.778219 0.7220586 -0.057858124 0.55473006 0.40725493 0.13551356 0.3780234 -0.22087993 0.36210942 -0.254773 -0.02681908 -0.6046438 -0.1410855 -0.5243535 -0.3166204 -0.20205632 -0.6076727 -0.3424121 -0.09202781 0.5847106 0.21102323 -0.11384715 0.46643668 0.68802005 0.8694351 0.6573565 0.1465282 0.013872743 0.59631026 0.43078807 -0.09579148 -0.30756035 -0.43294466 -0.7358767 -0.16738118 -0.22637774 -0.19376312 0.27135986 -0.27284926 -0.61231875 -0.4824754 0.06657748
0.4185979 0.2541269 0.42184925 0.12483424 0.6193186 -0.2847335 0.07109979 0.6179841 -0.053375423 -0.03952928 -0.30993414 -0.17746516 0.14106211 0.09887765 0.070046484 0.35872483 0.25451404 -0.22427133 -0.06818418 0.38279113 0.25295413 -0.21466821 -0.11340366 0.22704269 -0.5014758 -0.3900073 0.0018668026 -0.01098299 -0.29327437 0.14490709 -0.19999498 -0.29773203 -0.07225497 0.26769832 -0.09620269 -0.17940003 -0.11965285 0.48878285 0.49364397 0.21171622 -0.08941087 -0.39890972 0.14771706 -0.14934607 -0.397821 -0.262914 -0.5132654 -0.8022871 -0.02028215 0.30076575 -0.44879493 0.4589337 0.3177054 0.12758112 0.31086534 0.096306846
0.09885016 0.4108505 0.405977 -0.0030522346 0.2648389 -0.2196959 0.29914916 0.36294812 -0.17614764 0.4237188 -0.2272587 -0.22705881 -0.35762447 0.24601434 0.2796293 0.5693029 0.15626228 0.2810412 0.1569947 0.11031921 0.5605072 0.041980132 -0.037019957 0.038771942 -0.17652178 -0.09679565 0.23741591 0.44158792 0.56399727 0.18603033 -0.22484535 -0.56013227 -0.3979687 0.41642457 -0.29705688 -0.47462276 -0.28810608 -0.1419107 -0.3668978 -0.10857964 -0.100481845 0.2948795 -0.0040750206 -0.46287978 -0.8063749 -0.51603353 -0.65436864 -0.7446332 -0.57376975 -0.25322 -0.42987484 0.695318 0.29830027 0.012071446 -0.19204026 0.25147873
0.71852696 -0.1709112 -0.17983675 -0.64116144 -0.15383095 -0.12169121 0.57175547 0.16452523 0.35591543 0.7335255 0.08698264 0.34773535 0.14227052 0.6763259 0.68831867 0.67763114 -0.3627023 0.24015549 -0.1404159 -0.044804484 0.33692998 0.25013712 -0.44386095 -0.41439468 -0.13791603 -0.01477503 -0.4302084 -0.024373107 -0.08262755 0.3342235 0.36014932 0.36281317 0.23049924 0.38023713 -0.10589434 -0.38775972 0.4203518 -0.29905736 -0.052327365 0.2880423 0.017101526 -0.15181911 0.38980314 -0.113750495 -0.1333757 -0.6559066 -0.51363146 -0.7284821 -0.12541063 0.061179116 -0.062288612 -0.079770535 -0.013794318 0.31758642 0.23776217 0.120696485
0.70818555 0.1659183 0.019863784 -0.4628373 -0.27567193 0.5543412 0.6220224 0.02084881 0.32938728 0.20215946 -0.09826757 -0.18444286 0.1201058 0.565144 0.9823075 0.73375857 -0.5501176 -0.27263528 0.49723175 -0.07121381 -0.28933436 0.37058228 0.27641678 -0.21994753 -0.20213246 -0.018055659 -0.36055654 0.3289888 -0.15452625 0.58455443 -0.13883376 0.123953804 -0.21423925 0.103890434 0.5102675 0.15417655 -0.2032691 0.1242841 0.04382656 -0.37253544 0.03584776 0.2937759 0.6196114 0.26837677 0.53482115 0.29363644 0.5172746 0.24101728 0.37376106 -0.29182303 -0.3047588 0.50485724 -0.020387858 0.5293175 0.5253273 -0.033421785
