run/Resources/TestInput.asc
ncols 51
nrows 51
xllcorner 51
yllcorner 51
cellsize 17
nodata_value 204268732
[rows 0 to 27 of 51, columns 0 to 50 of 51]
1 0.3904722 0.813185 0.25843614 0.36300743 0.37963438 0.87395716 0.6087215 0.9564728 0.44581598 0.3892903 0.5253278 0.4214909 0.40731236 0.4516763 0.6341114 1 1 0.33878765 0.77833885 1.2558104 1.3286047 1.6439407 1.1237818 0.8483937 1.0459285 0.8865738 0.36122733 0.4746887 0.955497 0.6911982 0.9868705 0.39566833 0 0 0.048783164 0.2539367 -0.38013467 -0.053290784 -0.23726672 -0.080149874 -0.5371997 0.11177909 0.15376322 0.47403967 -0.088540226 0.043960545 -0.34311873 -0.16921413 -0.08996552 0
1.0641699 0.5636867 1.0832739 0.106996596 0.27409348 0.088000685 0.8845874 0.7801882 0.471062 0.21015698 0.09186986 0.22726762 0.783332 0.639894 0.15248042 0.9960065 0.62234646 0.44637176 0.89697826 1.6917409 1.7450876 1.1504197 1.5810237 0.8239236 1.4435961 1.0320036 0.33807626 0.4191197 0.50267243 0.7035383 1.2446492 1.0835779 0.26162928 0.4792633 0.51859915 0.3202661 -0.07382887 -0.18657303 -0.07281026 -0.2659227 -0.20541331 -0.44697437 -0.05234669 -0.058273196 -0.56290877 -0.28568873 -0.61973095 -0.11734972 0.27958745 0.0016951412 -0.41222736
0.5880264 0.6647239 1.0036035 0.47398382 0.10943073 -0.20248654 0.46334952 1.069218 0.7736594 -0.058802873 0.3432404 0.48716992 0.23833501 0.4465448 0.48196846 1.1739408 0.8915449 0.69936574 0.6274185 1.4479067 1.9286703 1.5162749 1.1697199 1.0016828 0.9096164 1.0214125 1.1021407 0.5355207 0.44104013 0.8942957 1.3896863 0.9141264 1.2070377 0.05966334 0.2595386 0.41383377 -0.3139453 -0.170282 -0.007965007 -0.23510593 -0.15278882 -0.72393227 -0.53185314 -0.6388341 -0.397976 0.0049589872 -0.41390345 -0.4626129 0.0606057 0.04524117 0.44993728
1.2790638 1.0485616 1.2181559 1.0320097 0.6767487 0.48196682 0.57020706 1.0894401 1.1087161 0.2208904 0.19205979 0.5131953 0.748557 0.22982886 0.008891791 0.8739166 0.56619453 1.1828941 1.4133958 1.0405829 1.3898722 1.2428997 0.8708789 1.295456 0.88367856 1.3486819 0.83663034 1.1387798 1.0039941 1.287938 1.2286053 0.8715427 1.0462934 0.22951257 0.13131995 -0.25871184 0.4497808 0.53859097 -0.03854859 0.47358724 0.3091898 -0.067839846 -0.3693757 -0.5817528 -0.45046362 -0.6759274 -0.3808059 0.04928706 0.1064618 0.32122263 0.3324152
0.81954104 0.9228996 1.0538077 0.28122783 0.47307545 0.7020401 0.76232857 1.1517961 0.8002359 0.93008786 0.6089581 0.21075174 0.466505 -0.15662539 0.21358311 0.6474103 1.1854362 1.1614732 1.5847955 1.5326102 1.4068155 1.3174525 0.8808103 1.1926694 0.94300085 1.2233738 1.0741612 1.2695642 1.0218549 0.5380492 0.49996132 0.59211457 1.1620582 0.30193987 0.17416112 0.4228194 0.2727737 0.6769728 0.4461589 0.51834846 0.39443025 0.17307559 -0.14278117 -0.027408466 -0.16840231 0.12739307 0.1215512 -0.54612374 -0.096705705 -0.2017555 0.3836072
0.8882247 0.6997569 0.80355966 0.45190185 0.35437667 0.19966748 0.7712761 1.1052518 0.97318196 0.33668643 1.0416372 0.9543191 0.012375712 -0.14233392 0.20054269 -0.12622136 1.2037134 1.3256352 1.7633914 1.0486331 0.945268 1.3957684 0.76689494 1.2813348 1.1237559 1.052687 1.1072599 0.98106194 0.88038117 0.31067923 0.86659807 0.6892131 0.38757968 0.96070737 0.6298421 -0.04064259 0.44481593 -0.04619643 0.4842394 0.19267297 0.19407332 0.7260058 0.025437653 0.13352545 -0.4265141 -0.30928084 0.42263263 -0.32134205 -0.31915602 0.103613436 0.48798275
0.7097389 0.38612244 0.63006413 0.15114543 0.61360323 0.67645043 0.5279433 0.9345553 0.486873 0.40972066 0.8049575 0.10872564 0.5108534 0.25225577 0.077815026 0.0177477 0.54364854 0.99755675 1.3275069 1.4065416 0.8618134 0.89336675 0.54570305 0.67514503 0.9355087 1.0438802 1.0426509 1.0736314 0.53663146 0.10733396 0.49030557 0.5846055 1.0965008 0.7766597 0.36746627 0.478068 0.14564517 0.303756 0.6340539 0.8394766 0.4720837 0.27767378 0.6593888 0.30782893 -0.0030316561 -0.37105858 0.32338107 -0.13022625 0.02275312 0.22730207 0.24639302
0.8158252 0.6132727 0.78029156 0.89975476 0.44417992 -0.026536912 0.5505614 0.23231617 0.02006483 0.87925357 0.9341589 0.09207147 0.51434463 0.63141453 0.20833194 -0.036961824 1.2143759 1.2044655 1.4842314 1.5809367 1.3800598 1.2066325 1.1052555 1.0158343 0.91130793 1.196392 0.43061543 0.3302869 0.16860595 0.00799337 0.267722 0.65170693 0.9139771 0.9954699 0.79822755 0.6014061 -0.14732265 0.62701726 0.6943549 0.90580165 0.8019614 0.7447852 0.18926513 0.24714525 0.41337934 0.2873758 0.75179136 0.19194207 0.08518484 0.4478625 0.086832315
0.58541137 0.10889867 0.524197 0.63233775 0.29933167 -0.15712084 -0.034008056 -0.06441103 0.16076896 0.4069946 0.08324802 0.014464259 0.38807464 -0.053538144 0.13405496 -0.017039731 0.82008314 0.7863248 0.6026888 0.9139761 1.0163406 0.71231633 0.79303813 0.479531 1.0799227 0.44310516 0.045129 0.3518703 0.7366903 0.14124647 0.28158957 0.8224191 0.67570376 0.23881748 0.32557952 -0.31732085 -0.10106513 -0.2455827 0.51999927 0.7295543 0.64314145 0.79092896 0.40232798 0.17621371 0.31576058 0.446779 0.21764831 -0.23737407 0.2074888 -0.12152609 -0.32716548
0.20944054 0.41345334 0.31967634 0.6133993 0.76572406 -0.13019246 0.12567192 0.33362496 -0.05866818 0.19830574 0.792016 0.7380502 0.12554538 0.34550753 -0.15202183 0.094349146 0.5472941 1.0190741 0.8143788 0.6765587 0.3333535 0.92493755 1.1977513 1.0966928 0.64880496 0.31270725 0.39128852 0.7829383 0.41652536 0.37805134 0.8277513 0.42565802 0.5234972 0.69739187 -0.16127545 -0.33043495 -0.5021125 -0.15935501 -0.27319357 0.26878965 0.12586692 0.15409032 0.05072765 0.2899022 0.7716001 0.4547611 -0.24477123 -0.25941125 -0.07991769 0.42640907 -0.23993832
0.706569 0.62845665 0.48917168 0.9401302 0.560206 0.02136746 0.49512994 0.750216 0.12524483 0.018674523 0.4422207 -0.028636217 0.43838483 0.6806018 0.49341902 0.49668416 1.0898412 1.1110337 1.1889298 0.3962786 1.0606648 1.1607729 0.84507096 0.93048275 0.8863461 0.6000445 0.511126 0.061874032 -0.067228794 -0.06757502 0.82641256 0.71132755 0.26079604 0.6596675 -0.29270524 0.31318206 0.26042616 0.23745489 -0.11116502 0.37062982 -0.12938872 0.43224084 0.2735268 0.4803757 0.44616842 -0.20696265 -0.20437399 0.42513478 -0.082093716 0.35856974 -0.39808846
0.7051252 0.43015105 0.2336976 0.2665596 0.8131703 0.5682402 0.3560905 0.5054834 0.10991426 -0.3819035 -0.28609887 0.106272586 0.3419801 0.33993775 0.8642735 0.69516915 0.60114753 0.3923016 0.9058359 0.7658441 0.80108863 1.0196236 0.51666844 0.9401821 0.75843656 1.2015169 0.8240373 0.24972604 -0.17860153 0.4697148 0.6443322 0.40308443 0.14558813 1.0971143 0.04239385 -0.06875201 -0.3528535 -0.42046297 -0.15265712 -0.29669014 -0.2702354 -0.56148523 -0.22647458 0.04299555 -0.13539596 -0.41174343 0.4364889 0.34926844 -0.14281693 0.056292824 -0.14637548
0.8057691 0.9746429 0.30440593 0.67427516 0.39958745 0.42891657 0.55580544 -0.053071797 -0.11863032 -0.19434069 -0.41436952 0.19447708 -0.0044488683 -0.09654948 0.3555898 0.061627924 0.5354904 1.099652 1.2847096 1.0871117 0.9394838 0.8872109 0.9892004 0.83426213 1.0257399 0.96364975 1.2583768 0.40921396 -0.07647999 -0.023409456 0.30041233 0.41497478 0.5974453 0.65623283 0.24053651 0.5054132 0.21834347 -0.27094284 -0.11420208 -0.66066897 -0.6054483 -0.72174895 -0.11201967 -0.023927871 -0.239685 -0.44737703 0.025531143 0.4943843 -0.0032381564 -0.3242414 0.33203134
0.93016446 0.4145019 0.32840112 0.07429421 0.33027643 0.0013799071 0.6279211 -0.12595814 -0.46756482 -0.061164528 -0.65814614 -0.1200512 -0.17483272 0.4497975 0.73079 0.25473934 -0.03780362 1.3510463 0.84658253 1.3753548 1.3405367 1.215643 0.7636304 0.42749253 0.55978924 1.1583176 0.92049336 0.8207991 0.47346404 0.51945215 0.40343377 0.7693212 0.93977284 0.34245816 -0.04418136 0.17065898 0.42378595 -0.0070252568 0.26746768 -0.38220495 -0.4248106 -0.20258136 0.43785173 0.15234977 0.51035964 0.1795387 -0.28484148 0.04063742 0.40881678 0.08261656 0.50557053
0.52318585 0.54885554 0.2842653 0.17127346 0.4979865 -0.07522629 0.18782927 -0.32945746 0.08294439 0.29170763 -0.13014004 0.31280732 0.47613448 0.048720002 0.17743337 -0.20068705 0.6198344 0.76337993 0.5115377 1.1416353 1.0956866 0.7243104 1.408461 1.285319 0.36315274 0.5683206 1.054078 0.4752633 0.7058445 0.8896222 1.1964658 0.5935261 0.94178414 0.42902213 0.1677942 0.44759548 0.26642835 -0.07579516 0.29092115 0.014981717 -0.3813166 -0.2571594 0.085293934 0.4079262 0.2537093 0.618251 -0.26952285 -0.12703693 -0.35553595 0.3042208 -0.08212532
0.9564029 1.1117556 0.9093653 0.16256303 0.46855444 -0.016150385 -0.011243194 0.047491163 0.093851164 -0.009828389 0.3420294 0.13170274 0.65754825 0.75533986 0.85555106 0.103159726 0.9736737 1.0516424 0.34987214 0.66344404 1.258369 1.5844518 1.4966786 1.3075106 0.63368833 0.48352885 0.53041875 0.4897073 0.24557912 0.7839583 1.0484369 0.5362476 0.55747557 -0.018379867 -0.44102067 -0.1399148 0.5196108 0.44388402 -0.13965759 -0.22531223 -0.42229038 0.14692968 -0.34781522 0.08505788 0.32706317 0.31468087 0.0547702 -0.52550936 0.13230607 -0.025885403 0.37312043
1 0.33878765 0.77833885 1.2558104 1.3286047 1.6439407 1.1237818 0.8483937 1.0459285 0.8865738 0.36122733 0.4746887 0.955497 0.6911982 0.9868705 0.39566833 0 0 0.048783164 0.2539367 -0.38013467 -0.053290784 -0.23726672 -0.080149874 -0.5371997 0.11177909 0.15376322 0.47403967 -0.088540226 0.043960545 -0.34311873 -0.16921413 -0.08996552 0 0 0.108572006 -0.025201932 0.11448923 0.110933974 -0.1561689 -0.11890428 -0.06710386 0.20116399 0.15315086 0.0028682258 0.13674809 0.064715356 -0.19202816 -0.06274243 -0.048351098 0
1 0.6890786 0.59337866 0.3365856 1.1064781 0.14080516 0.5202724 0.3827228 0.67048067 0.56071514 0.5508971 0.22904664 0.75355566 0.07647523 0.41082346 0.98192096 0 0 0.5274372 0.5775709 0.3536787 0.13436638 0.22800481 -0.29700375 0.1204764 0.0485249 0.22993767 0.07612468 -0.29510513 0.26014927 -0.21894132 -0.10304916 -0.44091487 0 0 -0.10023251 0.7544581 0.5539424 0.3766538 0.6026359 0.38299304 0.028567225 0.3942027 -0.009794563 -0.009685904 0.45876712 0.52630305 0.7399332 0.33693337 0.4139146 0
0.62234646 1.1401176 1.258995 0.9033256 0.81147176 0.4042379 0.16355672 0.5315225 0.21542001 0.4473475 0.73663914 -0.054149568 0.22784187 0.541481 0.17942426 0.24419957 -0.21982276 0.4792633 0.33528215 0.13843212 0.75606847 0.49088866 0.40302178 0.4912146 0.21737881 -0.10758515 0.065523475 0.3033911 0.4195631 0.5717131 0.48064995 0.5241643 0.085516825 -0.15755214 -0.41222736 -0.029887974 0.67217934 0.25099796 -0.11087677 -0.024599731 0.75488 0.76736367 0.20164734 0.2135904 0.21976233 0.05154285 0.7301767 0.7931961 0.2586947 -0.20025411 -0.11941886
0.8915449 0.6609818 1.1993786 0.8364141 0.79530644 1.1871994 1.1021785 0.5081425 0.47201315 0.48132357 0.033914 -0.28482497 0.3101635 -0.020752907 -0.010110736 0.4083072 0.55441976 0.05966334 0.36909595 0.7174487 0.52006847 0.25772157 -0.19710062 -0.08214334 0.061100945 0.40773332 0.7235769 0.62673175 0.47804984 0.22695231 0.2691517 0.01439628 0.1021833 -0.26023766 0.44993728 0.14275578 0.27225277 0.16276407 0.33060572 0.072185725 0.4344439 0.8616327 -0.0139173865 -0.075553775 0.20738757 -0.02935037 0.19121936 0.758854 0.48672605 -0.26261866 -0.10904431
0.56619453 0.89345497 1.3213866 0.9270187 1.0433749 1.2859067 0.70055497 1.1678692 0.19219407 -0.26485115 -0.29583657 0.19484402 0.7197251 0.6691128 1.0085486 1.0834023 0.645375 0.22951257 0.3182209 0.013132691 0.3439706 -0.2389958 -0.15405384 0.21032006 0.087089494 0.4327445 0.8127142 0.5943265 0.85516566 -0.13830295 -0.17185459 0.46677148 0.7035464 -0.015328033 0.3324152 0.2274106 -0.1491061 -0.27202716 0.1063492 0.3965907 -0.048837006 0.50400144 -0.24106967 0.29405862 -0.10266294 0.100313514 0.06284163 -0.12017089 0.5111702 0.16971469 0.26155025
1.1854362 0.72737366 0.7682881 0.83193034 1.0211036 1.3615384 0.801172 0.11043474 0.32432655 0.36308312 -0.1939826 0.41319242 0.36928985 0.54699904 1.0493743 1.3585464 -0.3031264 0.30193987 -0.18025678 0.2764291 0.5969257 0.5333128 0.63815606 0.41656277 0.43104857 0.6007505 0.5718097 0.80649555 1.0926776 0.40682805 0.78460515 0.5780188 0.56809723 0.5882032 0.3836072 -0.3157884 -0.2743836 -0.57690644 -0.019605866 0.43797258 0.015506834 -0.37482342 -0.2384387 -0.28627005 -0.13125658 0.3069601 0.39843518 -0.32772085 0.13934892 0.11241456 -0.036483824
1.2037134 0.616291 1.2342105 1.2834065 1.0344362 0.8002861 0.920196 0.13316318 -0.13763839 0.3524722 0.34081662 0.0988776 -0.03653732 0.60234135 0.38383362 0.8030236 -0.33821544 0.96070737 0.32275116 0.1980504 0.4262132 0.5829159 0.81719023 0.9396775 0.5566224 0.85349345 0.26401633 0.7744109 0.5082402 1.110229 1.0101261 0.6962904 0.7724657 0.113372386 0.48798275 -0.09079792 0.047046073 0.010534402 0.2608627 0.17832106 -0.32074094 -0.24721046 0.22590236 -0.09165035 -0.27849036 -0.093897544 -0.006531723 0.17812583 -0.07477188 0.2127505 -0.060876384
0.54364854 0.5535908 1.0570073 1.1986153 1.0206984 0.14917839 0.14872345 0.3789305 0.47543818 -0.014171094 0.46116844 -0.12972724 0.203262 0.2873128 0.9589106 0.8677277 -0.2589717 0.7766597 0.58832693 0.71547747 0.9702513 0.78226423 0.9545822 0.4989774 0.40641138 0.9834593 1.0330793 0.5466805 0.68196124 0.8163658 1.0579023 0.6761491 0.38511 -0.28312027 0.24639302 0.23966894 0.08237389 -0.45925745 0.15028529 0.30573615 -0.5032213 0.17043495 -0.13354938 -0.29499105 0.22618449 0.097048745 -0.16809675 0.14937072 0.3298481 0.40116954 -0.07836315
1.2143759 0.6608473 1.1167071 0.7161874 0.41000217 0.1401613 0.2869451 0.6048469 0.5648328 0.31136718 0.14955744 0.6758713 0.861315 1.1340559 0.5856201 1.2189605 -0.1709162 0.9954699 0.8966702 0.18609896 0.24453771 0.45472243 1.0810864 0.7725927 0.8510623 0.2288149 0.55382794 0.43081993 0.13546115 0.6648987 0.89225787 0.6853123 0.5010425 -0.5596737 0.086832315 -0.04602927 0.25279054 -0.1556783 0.24851212 0.19554244 0.2040486 -0.31290573 -0.34047568 0.091789976 0.3690979 0.21851453 0.08712518 -0.35166597 0.21060464 -0.26785403 0.037414804
0.82008314 1.4539015 1.1099705 1.0893903 0.6212633 0.52161527 0.3092661 0.804317 0.28850523 0.28509974 1.0888455 0.6486695 0.9085895 0.95834273 0.8637589 0.7836451 0.38207763 0.23881748 0.070818305 0.39497828 0.742066 0.66703117 1.0392864 0.6283674 0.63727814 0.3406783 0.73567414 0.5076624 0.03356254 0.5720482 0.51991385 0.5114075 0.49730736 -0.1279846 -0.32716548 -0.43346104 -0.3638188 -0.28692374 0.08539929 0.16871354 -0.2933873 -0.42963874 -0.07410426 0.40062246 0.21908092 0.4220279 0.12459803 -0.31618986 0.119640194 0.19187357 0.085468315
0.5472941 1.3604156 1.5579028 1.1160167 0.5449373 0.3657791 0.008232892 0.6022381 0.7803497 1.020819 0.50315416 0.5762629 0.41174394 0.6300306 0.59472734 0.8960873 0.36570007 0.69739187 0.71514565 0.643271 -0.007680446 0.1995341 0.11668727 0.38746992 0.7062826 -0.15917233 0.4545186 0.52647257 0.08270982 0.393048 0.2880607 0.46580797 0.48617432 -0.1198218 -0.23993832 -0.7561577 0.07596636 0.03262969 -0.3795241 -0.28100926 0.04122728 -0.23565133 0.042075112 0.13058642 0.26340514 0.2343197 -0.15357982 0.24669768 0.1134343 0.5458091 -0.13379313
1.0898412 1.2559626 0.7969891 0.8939598 0.98415804 0.89286804 0.73062664 0.77046 0.8461585 0.32453683 0.71778667 0.4175445 0.2719461 0.56900764 0.42282355 0.6639054 0.18007918 0.6596675 0.38224214 0.6000072 0.2287423 0.076765895 -0.1980063 0.1682683 0.20448941 -0.14927241 0.15115422 0.0038940609 0.5880101 0.09288825 0.4385963 0.015120685 0.18598625 0.061507955 -0.39808846 0.06951672 -0.21625313 -0.165858 0.09022271 0.14744785 0.4387489 -0.29635367 -0.26074964 -0.012172351 0.058828063 0.0008158237 0.3511222 0.57041526 0.41925782 0.20922983 -0.26318917
